36
242
3 25 0
4 25 0
8 25 0
1 27 0
2 27 0
10 27 0
4 34 0
1 36 0
2 36 0
10 36 0
6 27 180
7 27 180
9 34 180
5 36 240
6 25 300
20 25 300
13 25 480
9 36 480
19 25 540
12 27 540
14 27 540
16 27 540
17 25 600
18 25 600
11 27 600
15 25 660
13 27 660
17 27 660
18 27 660
11 25 720
12 29 720
16 25 780
15 27 780
19 27 780
14 29 780
19 23 840
12 25 840
14 25 840
16 29 840
15 23 900
20 23 900
13 23 960
17 23 960
18 23 960
11 29 960
11 23 1080
14 23 1200
16 23 1200
15 29 1200
14 31 1200
15 21 1260
19 21 1260
12 23 1260
11 31 1260
16 31 1260
18 21 1320
15 31 1320
13 21 1380
17 21 1380
11 21 1440
18 31 1440
11 33 1440
12 33 1440
14 33 1440
16 33 1440
16 21 1500
20 21 1500
17 31 1500
12 21 1560
14 21 1560
19 31 1560
15 33 1560
17 33 1560
18 33 1560
13 33 1680
19 33 1680
12 35 1800
14 35 1800
7 21 1860
16 35 1860
20 33 1920
5 28 1980
6 33 2100
9 26 2160
3 33 2160
8 33 2160
7 35 2160
2 21 2220
2 35 2220
4 33 2280
1 28 2340
6 35 2400
10 28 2520
1 35 2700
10 35 2700
2 28 2820
6 28 2940
3 26 3000
4 26 3000
8 26 3000
7 28 3000
4 28 3060
20 26 3180
9 35 3180
13 28 3360
19 26 3420
12 28 3420
16 28 3420
17 28 3420
18 28 3420
20 28 3420
13 26 3480
11 28 3480
14 28 3480
19 28 3480
12 30 3480
17 26 3540
18 26 3540
15 28 3540
14 30 3540
16 30 3540
25 3 0
25 4 0
25 8 0
27 1 0
27 2 0
27 10 0
34 4 0
36 1 0
36 2 0
36 10 0
27 6 180
27 7 180
34 9 180
36 5 240
25 6 300
25 20 300
25 13 480
36 9 480
25 19 540
27 12 540
27 14 540
27 16 540
25 17 600
25 18 600
27 11 600
25 15 660
27 13 660
27 17 660
27 18 660
25 11 720
29 12 720
25 16 780
27 15 780
27 19 780
29 14 780
23 19 840
25 12 840
25 14 840
29 16 840
23 15 900
23 20 900
23 13 960
23 17 960
23 18 960
29 11 960
23 11 1080
23 14 1200
23 16 1200
29 15 1200
31 14 1200
21 15 1260
21 19 1260
23 12 1260
31 11 1260
31 16 1260
21 18 1320
31 15 1320
21 13 1380
21 17 1380
21 11 1440
31 18 1440
33 11 1440
33 12 1440
33 14 1440
33 16 1440
21 16 1500
21 20 1500
31 17 1500
21 12 1560
21 14 1560
31 19 1560
33 15 1560
33 17 1560
33 18 1560
33 13 1680
33 19 1680
35 12 1800
35 14 1800
21 7 1860
35 16 1860
33 20 1920
28 5 1980
33 6 2100
26 9 2160
33 3 2160
33 8 2160
35 7 2160
21 2 2220
35 2 2220
33 4 2280
28 1 2340
35 6 2400
28 10 2520
35 1 2700
35 10 2700
28 2 2820
28 6 2940
26 3 3000
26 4 3000
26 8 3000
28 7 3000
28 4 3060
26 20 3180
35 9 3180
28 13 3360
26 19 3420
28 12 3420
28 16 3420
28 17 3420
28 18 3420
28 20 3420
26 13 3480
28 11 3480
28 14 3480
28 19 3480
30 12 3480
26 17 3540
26 18 3540
28 15 3540
30 14 3540
30 16 3540
